SimulationConfigs {
    Comment: "prod_msg_size_prod_cache"
    AvgMessageSize: 122880 # 120 KB
    LocationConfigs: {
        CacheAlgo: PROD
        Name: "single_dc"
        Weight: 100
        CacheInstanceCount: 1000
        InstanceMaxSize: 442381631488 # 412 GB
        InstanceArenas: 10
        FlushTimestamp: 1730419500
    }
}
GeneratorConfigs {
    ProdGeneratorConfig {
        RpsPerBucket: [1327956, 1470838, 1429846, 1401885, 1402991, 1391927, 1362339, 1349339, 1366127, 1330138, 1291717, 1293352, 1280157, 1259978, 1229122, 1193317, 1165127, 1174878, 1163226, 1129921, 1138388, 1125827, 1120208, 1103576, 1084034, 1068257, 1060170, 1042376, 1037992, 1040095, 1031631, 1019698, 1009336, 998792, 1002807, 1010734, 989590, 1001938, 997760, 984078, 982079, 990920, 986610, 975832, 971321, 976814, 975359, 981199, 986284, 991135, 994357, 1001447, 999859, 1018940, 1020227, 1023620, 1043544, 1042967, 1048112, 1051002, 1049668, 1073758, 1084423, 1101559, 1101876, 1116112, 1131362, 1140991, 1114176, 1113839, 1126021, 1138305, 1159170, 1190502, 1220667, 1231666, 1242025, 1254144, 1276055, 1302850, 1318895, 1343702, 1305785, 1167683, 1122721, 1163287, 1200208, 1208686, 1217565, 1235903, 1256868, 1279568, 1303378, 1313506, 1335108, 1355178, 1382996, 1421962, 1465534, 1488788, 1511568, 1531314, 1554190, 1575461, 1611814, 1624634, 1655748, 1672648, 1692350, 1732016, 1761512, 1779055, 1786592, 1798613, 1808523, 1823862, 1837780, 1845006, 1862774, 1858713, 1862681, 1886433, 1916846, 1917345, 1935163, 1948365, 1956870, 1959892, 1971732, 1990073, 1993362, 1987167, 1983312, 1988094, 2013603, 2014459, 2011929, 2007533, 2003334, 2014676, 2019286, 2018661, 2014671, 2011924, 1996387, 2013130, 2029625, 2026528, 2028187, 2036223, 2040114, 2043954, 2050557, 2050729, 2051556, 2042831, 2031496, 2036642, 2052400, 2057995, 2048185, 2047832, 2052973, 2069054, 2072551, 2065031, 2066893, 2057807, 2048990, 2061487, 2088505, 2082208, 2072610, 2071393, 2079027, 2074929, 2080919, 2071422, 2072488, 2058652, 2048820, 2050438, 2052112, 2045870, 2047796, 2043435, 2040010, 2032398, 2034282, 2029660, 2029272, 2040734, 2009245, 2001783, 2018806, 2010473, 2008774, 2006500, 2014665, 2009067, 2007362, 2003279, 1998668, 1984048, 1976856, 1985588, 1999197, 2013197, 2001838, 1993932, 2008747, 2018398, 1990578, 1993490, 1984626, 1968177, 1950376, 1963101, 1986067, 2007868, 1906266, 2052236, 2076328, 2063276, 2062036, 2052638, 2055384, 2059448, 2068130, 2073371, 2083360, 2088722, 2074976, 2080838, 2089458, 2099060, 2108250, 2093207, 2089759, 2088776, 2066445, 2057238, 2078743, 2069501, 2059945, 2044513, 2048027, 2049771, 2056617, 2062408, 2021676, 2013761, 2010010, 1993734, 2010196, 2001322, 1961380, 1940925, 1944116, 1934911, 1937973, 1891790, 1889494, 1855682, 1826552, 1843094, 1838280, 1811334, 1791793, 1759002, 1733122, 1721012, 1699669, 1679582, 1633967, 1619997, 1574768, 1555296, 1544105, 1525086, 1497338, 1457556, 1430484, 1412158, 1361967, 1340478, 1324984, 1277740]
        F5PerBucketRations: [0.101, 0.112, 0.116, 0.112, 0.111, 0.116, 0.114, 0.118, 0.116, 0.110, 0.107, 0.102, 0.110, 0.108, 0.108, 0.106, 0.102, 0.079, 0.079, 0.082, 0.084, 0.086, 0.087, 0.091, 0.098, 0.097, 0.096, 0.096, 0.097, 0.096, 0.095, 0.095, 0.099, 0.098, 0.096, 0.094, 0.113, 0.111, 0.111, 0.117, 0.129, 0.133, 0.135, 0.131, 0.125, 0.125, 0.117, 0.113, 0.121, 0.116, 0.110, 0.110, 0.108, 0.110, 0.112, 0.112, 0.109, 0.109, 0.109, 0.107, 0.113, 0.107, 0.105, 0.103, 0.100, 0.099, 0.097, 0.095, 0.096, 0.094, 0.099, 0.102, 0.102, 0.098, 0.097, 0.097, 0.094, 0.093, 0.093, 0.094, 0.092, 0.092, 0.091, 0.090, 0.098, 0.086, 0.083, 0.084, 0.084, 0.087, 0.083, 0.081, 0.079, 0.081, 0.080, 0.080, 0.086, 0.081, 0.080, 0.079, 0.079, 0.079, 0.079, 0.081, 0.077, 0.076, 0.075, 0.075, 0.076, 0.077, 0.076, 0.075, 0.074, 0.075, 0.073, 0.074, 0.072, 0.073, 0.073, 0.076, 0.080, 0.077, 0.075, 0.074, 0.072, 0.073, 0.074, 0.073, 0.072, 0.072, 0.073, 0.074, 0.074, 0.073, 0.072, 0.071, 0.070, 0.070, 0.069, 0.069, 0.074, 0.074, 0.072, 0.075, 0.076, 0.074, 0.075, 0.075, 0.072, 0.075, 0.076, 0.072, 0.073, 0.073, 0.071, 0.074, 0.076, 0.072, 0.073, 0.072, 0.074, 0.079, 0.073, 0.072, 0.073, 0.071, 0.071, 0.072, 0.075, 0.073, 0.072, 0.073, 0.072, 0.072, 0.073, 0.070, 0.071, 0.070, 0.078, 0.074, 0.074, 0.070, 0.067, 0.068, 0.068, 0.069, 0.071, 0.068, 0.068, 0.068, 0.069, 0.069, 0.069, 0.073, 0.071, 0.071, 0.074, 0.075, 0.073, 0.071, 0.070, 0.072, 0.071, 0.072, 0.073, 0.073, 0.074, 0.076, 0.075, 0.077, 0.078, 0.080, 0.082, 0.081, 0.080, 0.079, 0.084, 0.086, 0.086, 0.087, 0.089, 0.090, 0.089, 0.087, 0.087, 0.088, 0.088, 0.090, 0.096, 0.096, 0.095, 0.097, 0.098, 0.096, 0.095, 0.094, 0.094, 0.099, 0.098, 0.097, 0.096, 0.096, 0.094, 0.095, 0.095, 0.096, 0.094, 0.096, 0.095, 0.095, 0.093, 0.093, 0.091, 0.091, 0.091, 0.092, 0.090, 0.089, 0.090, 0.090, 0.089, 0.090, 0.091, 0.096, 0.095, 0.093, 0.093, 0.094, 0.090, 0.092, 0.092, 0.096, 0.096, 0.096, 0.094, 0.091, 0.090, 0.091, 0.089, 0.092, 0.093, 0.093, 0.094, 0.097, 0.097, 0.100, 0.102, 0.102]
        GenerateBucketsCnt: 288 # day
        SingleRequests:[0.2700440478407437, 0.25806542411206446, 0.2572387068853732, 0.25221749453129166, 0.2485134041252395, 0.2509211469788509, 0.23994703932226882, 0.23074214923853975, 0.22818124715141036, 0.22238427528145438, 0.21421307348878807, 0.20732419843530955, 0.20290169137944988, 0.19792317755650846, 0.19206749982504412, 0.18904856363007724, 0.18902169271664826, 0.19411808785400628, 0.19578133856909313, 0.19618355245109417, 0.19422101392439436, 0.19729461822188687, 0.2003306854039774, 0.20162565074199754, 0.20669466289228683, 0.20818714815074124, 0.2091236898402917, 0.21016868954741025, 0.20649569925837716, 0.2088409293949647, 0.21028865829641624, 0.2080622073241787, 0.207370017936593, 0.20449051308357213, 0.20375407327605344, 0.1914441037156987, 0.19616913250390414, 0.19848994216577154, 0.19597007854604426, 0.19126195891602382, 0.20395993351913233, 0.20713881019830027, 0.20342321407107655, 0.20185733155488791, 0.20214323282621122, 0.20278286401071202, 0.20361758612702532, 0.20789929492736234, 0.19746877291295695, 0.2045433098282185, 0.21067822912787695, 0.21143445748337497, 0.20758116720611297, 0.213959990313643, 0.21280940526536485, 0.21374499862912483, 0.21601324755674592, 0.21807778205621872, 0.21774757578071313, 0.2202234128740991, 0.22141222938480457, 0.21913164737919935, 0.22127922261222138, 0.22073791079165944, 0.22146575390068457, 0.2229543527173816, 0.22497451441464708, 0.22392145731589239, 0.22459992337775941, 0.22787800102879457, 0.24390973656919898, 0.2533475567790778, 0.2481323451150084, 0.2508040192412163, 0.25392570340618376, 0.25426996790300027, 0.25763532653753746, 0.25816793369646146, 0.2586333551879095, 0.2637327302670609, 0.2658618140367638, 0.2693530560556942, 0.27200654807083413, 0.2734285038600865, 0.26988766873984027, 0.26877289767402235, 0.27117606429737534, 0.2737702239265961, 0.2770028337547505, 0.2777201104131853, 0.27911121578934867, 0.2783513408413331, 0.2729789914199577, 0.27773441733430115, 0.2817374353971573, 0.2840875545978891, 0.2872777845493344, 0.28803698000069883, 0.29232106354036846, 0.2937736520896647, 0.29633897205682347, 0.29793357494907435, 0.3000719782957754, 0.3026990864737982, 0.305268187662498, 0.3065395591165348, 0.309093316298824, 0.30928624340866223, 0.30793980722480857, 0.3112756327242141, 0.31319595796711336, 0.31578476189022125, 0.31683187332761265, 0.31873066199140865, 0.319871198954502, 0.32124040686030886, 0.321378719414323, 0.32438236890774697, 0.32371600991367994, 0.32652087392431856, 0.32198552505803635, 0.3249635697573833, 0.3243796624214629, 0.3253692863821535, 0.3257911130904095, 0.3289091793351218, 0.32839216284783557, 0.3285502780901551, 0.32906889816747564, 0.33116368906284266, 0.33127638943818755, 0.3298965917942875, 0.3254910976575472, 0.32454418679836616, 0.32634569779408473, 0.32650039879197396, 0.3276049022189243, 0.32691285374160634, 0.3271072429193102, 0.32780764361050735, 0.3278804339759859, 0.32720623237652846, 0.3271013402196691, 0.32606986402485033, 0.32217562111966164, 0.32104303898184294, 0.3209515999415332, 0.3252616667418071, 0.32472835775859277, 0.32527078301236934, 0.3256793376164713, 0.32480013767058097, 0.3247348689741086, 0.325324670384431, 0.32574491744316436, 0.324822918306312, 0.32267713921448826, 0.321609775503609, 0.32271237389984686, 0.3234722937319671, 0.32609158604473526, 0.32578711246391545, 0.32565467168260265, 0.3253030286333712, 0.3245693122305489, 0.32598376668682266, 0.32511128091023667, 0.324549771416369, 0.3222828910882082, 0.325265899907688, 0.3250064053292339, 0.3257715922761611, 0.3258644432397016, 0.32703282620896434, 0.32247892193742095, 0.323498973962332, 0.32262879300793995, 0.32346530849346145, 0.32557683399376164, 0.32344260427609967, 0.321151623075327, 0.31855627559631045, 0.3190779666925042, 0.32239021477575336, 0.3221402618364731, 0.32319259654165317, 0.318521095907513, 0.31782664534235977, 0.31895544686588995, 0.3180261867882606, 0.3205091524087461, 0.31645615362332863, 0.3156283258774387, 0.31489712439540507, 0.31467297825735413, 0.31499732118861107, 0.31500820545710057, 0.3130329140201577, 0.3124096025077319, 0.3106423483716585, 0.30819819750254374, 0.3110923321078643, 0.3109127810001916, 0.3094820351049821, 0.3045982615094513, 0.30331133222124257, 0.30141407986885577, 0.30241088221464674, 0.3020576333387452, 0.3019835527563139, 0.3004929999155067, 0.3001398494695503, 0.30358346006807707, 0.3004714286964097, 0.2977504037023059, 0.2943665019138717, 0.2912850411248187, 0.29071710808885326, 0.2896799006577297, 0.29069111084614274, 0.2908008028699316, 0.2908428260124682, 0.28796411247488257, 0.2891156789508792, 0.2917653474151806, 0.29122976726862654, 0.29121937757043137, 0.2907828329509684, 0.28499897283484144, 0.2821506572095837, 0.283557058686597, 0.28150039817608846, 0.2824303415388908, 0.27917201599093433, 0.27973192816798764, 0.2787710102655949, 0.2806119045491332, 0.2836941116662644, 0.2866025435420233, 0.2874325633849342, 0.28456710410547126, 0.2860234970846982, 0.2848397688638391, 0.28194398837222995, 0.2840729869089193, 0.28507401208253785, 0.2848785549826507, 0.28346101466845647, 0.28477397162926366, 0.28510722352365525, 0.2855090629610143, 0.28359983613061807, 0.2842732515386928, 0.2820568962915638, 0.2828922919202922, 0.2823104590494875, 0.28322911251968685, 0.28441818560157295, 0.2821645703835566, 0.28132005264611737, 0.28383319904299437, 0.282679527142269, 0.28489029160091456, 0.28425412924727056, 0.28360911789666254, 0.2837242336793499, 0.28320037981610036, 0.284477352446734, 0.2857377081931142, 0.2845341717235509, 0.28461867417109826, 0.28322018273489163, 0.28493424567081316, 0.2847183604724604, 0.2847309636916089, 0.28231243661243743, 0.28086986369625633, 0.27592126807483813, 0.2796591604579156, 0.2782903088637714, 0.2784136362284331, 0.27914333293627536, 0.2784591716934537, 0.27645352345990404, 0.27616059920721775, 0.27654672173419964, 0.2778856411822774, 0.27335511900060055]
        MiddleRequests: {
            ProbZipfA: 1.11
            ProbZipfB: -0.12
            ProbZipfC:  0.10
            PuasonRates: [{Value: [0.169558428, 0.094955392, 0.051703932, 0.0763984, 0.26759404000000003, 0.25238998700000004, 0.34605284000000003, 0.5019768170000001, 0.632615592, 0.7768634719999999, 0.8792337880000001, 0.966553872, 1.062445644, 1.1531369919999999, 1.2485647199999999, 1.289976898, 1.296928896, 1.36577392, 1.553175016, 1.568674187, 1.7541494450000001, 2.090667466, 2.285260692, 2.118078958]}, {Value: [0.28259738, 0.403560416, 0.17234644000000002, 0.28267408, 0.282885128, 0.208874472, 0.2471806, 0.330570099, 0.421743728, 0.512023652, 0.57341334, 0.6040961699999999, 0.6129494099999999, 0.638343692, 0.645091772, 0.62418237, 0.628199934, 0.643864848, 0.673666272, 0.680388804, 0.664730316, 0.610548906, 0.536690011, 0.41764937199999996]}, {Value: [0.395636332, 0.53412408, 0.224050372, 0.27503424, 0.25230295199999997, 0.234983781, 0.29661672, 0.36730010999999996, 0.45186827999999996, 0.547335628, 0.611640896, 0.6242327089999999, 0.633381057, 0.638343692, 0.6242823599999999, 0.62418237, 0.6079354199999999, 0.604842736, 0.598814464, 0.604790048, 0.5539419299999999, 0.5180414959999999, 0.502064849, 0.432565421]}, {Value: [0.635844105, 1.1632035520000001, 0.413631456, 0.47367008, 0.3822772, 0.30460860500000003, 0.355940064, 0.5509501649999999, 0.60249104, 0.79451946, 0.821892454, 0.80546156, 0.8376975270000001, 0.8236692800000001, 0.83237648, 0.9154674759999999, 0.851109588, 0.9170196319999999, 0.916934648, 0.963884139, 0.757053971, 0.8140652079999999, 0.69250324, 0.656306156]}, {Value: [0.763012926, 1.222550672, 0.491187354, 0.48130991999999995, 0.3822772, 0.31331170799999997, 0.385601736, 0.5387068279999999, 0.60249104, 0.723895508, 0.783664898, 0.80546156, 0.81726588, 0.8236692800000001, 0.811567068, 1.227558661, 6.423850938, 23.276689808, 1.347332544, 1.795470455, 1.5695021349999998, 0.795563726, 0.69250324, 0.611558009]}, {Value: [0.9043116160000001, 1.400592032, 0.5945952179999999, 0.54242864, 0.428150464, 0.382936532, 0.454812304, 0.624410187, 0.67780242, 0.829831436, 0.8792337880000001, 0.9262807940000001, 0.939855762, 0.947219672, 0.957232952, 0.9570796340000001, 0.9524321579999999, 0.995063856, 0.973073504, 1.0394828950000001, 0.8678423569999999, 0.962077064, 0.831003888, 0.7010543029999999]}, {Value: [1.116259651, 1.863499568, 0.801410946, 0.75634416, 0.565770256, 0.47867066500000005, 0.54379732, 0.746843557, 0.7531137999999999, 0.918111376, 0.993916456, 1.026963489, 1.042013997, 1.050178332, 1.082089424, 1.102722187, 1.0537547280000001, 1.092619136, 1.104064168, 1.1906804069999999, 0.997095474, 1.091587438, 0.9521919550000001, 0.805466646]}, {Value: [1.3282076859999998, 2.49257904, 0.94790542, 0.98553936, 0.711035592, 0.617920313, 0.6031206640000001, 0.8080602419999999, 0.8284251800000001, 1.05935928, 1.127712902, 1.147782723, 1.164603879, 1.194320456, 1.2277553079999999, 1.24836474, 1.195606326, 1.2487075840000001, 1.2350548319999999, 1.3229782300000001, 1.1078838599999998, 1.221097812, 1.108005184, 0.939711087]}, {Value: [1.709714149, 3.8100851039999997, 1.33568491, 1.3522516800000002, 1.0092118079999999, 0.678842034, 0.820639592, 1.0039536340000002, 0.933861112, 1.218263172, 1.24239557, 1.2484654179999999, 1.307625408, 1.3590543119999998, 1.415040016, 1.394007293, 1.51983855, 1.404796032, 1.3660454960000001, 1.493075431, 1.237136977, 1.3321067039999999, 1.263818413, 1.04412343]}, {Value: [1.6955842799999998, 3.1928750559999997, 1.1116345380000001, 1.1459759999999999, 0.8639464720000001, 0.748466858, 0.662444008, 0.954980286, 1.024234768, 1.2888871240000002, 1.33796446, 1.3894211909999998, 1.43021529, 1.462012972, 1.498277664, 1.5188437670000001, 1.459045008, 1.4633292, 1.628026824, 1.5497744980000001, 1.366390094, 1.4616170780000002, 1.367693899, 1.133619724]}, {Value: [1.8086232320000002, 3.2640916, 1.0857825719999998, 1.11541664, 0.9021741919999999, 0.791982373, 0.7316545760000001, 1.028440308, 1.0995461480000002, 1.377167064, 1.4526471280000002, 1.530376964, 1.63453176, 1.606155096, 1.66475296, 1.6436802410000002, 1.5806320919999999, 1.795017152, 6.905079288, 1.946667967, 1.4587137490000002, 1.591127452, 1.506194547, 1.238032067]}, {Value: [1.921662184, 3.252222176, 1.0943998940000002, 1.1077768, 0.9174652799999999, 0.861607197, 0.781090696, 1.114143667, 1.189919804, 1.518414968, 1.567329796, 1.631059659, 1.716258348, 1.770888952, 1.7688000199999998, 1.7685167149999999, 1.681954662, 1.638928704, 1.628026824, 1.644272943, 1.5695021349999998, 1.6651333799999999, 1.592757452, 1.34244441]}, {Value: [2.091220612, 3.08605024, 1.1288691819999999, 1.09249712, 0.9251108240000001, 0.931232021, 0.830526816, 1.163117015, 1.310418012, 1.5713829320000001, 1.7202400199999999, 1.81228851, 1.879711524, 1.85325588, 1.8936564919999999, 1.893353189, 1.763012718, 1.7364839840000001, 1.646739776, 1.7009720099999999, 1.717219983, 1.7576407900000002, 1.713945519, 1.4021086059999999]}, {Value: [2.147740088, 2.991094848, 1.1547211480000001, 1.13833616, 0.9786296320000001, 0.966044433, 0.909624608, 1.248820374, 1.385729392, 1.67731886, 1.854036466, 1.912971205, 2.022733053, 2.017989736, 2.039322376, 1.976577505, 1.8643352880000001, 1.795017152, 1.721591584, 1.757671077, 1.8464730999999999, 1.8501482, 1.800508424, 1.521436998]}, {Value: [2.204259564, 2.741836944, 1.180573114, 1.2223744, 1.0703761600000001, 1.0443723599999999, 0.9689479520000001, 1.285550385, 1.445978496, 1.783254788, 1.987832912, 2.114336595, 2.145322935, 2.141540128, 2.101750612, 2.101413979, 1.92512883, 1.85355032, 1.77773044, 1.7765707659999999, 1.994190948, 1.924154128, 1.921696491, 1.581101194]}, {Value: [2.3031686469999997, 2.658750976, 1.20642508, 1.19945488, 1.116249424, 1.113997184, 1.048045744, 1.3712537439999999, 1.551414428, 1.9068467040000001, 2.10251558, 2.2754289070000002, 2.3087761110000002, 2.244498788, 2.205797672, 2.1638322160000003, 2.006186886, 1.9511056, 1.8712951999999998, 1.871069211, 2.086514603, 2.03516302, 2.008259396, 1.625849341]}, {Value: [2.345558254, 2.646881552, 1.283980978, 1.2987727999999998, 1.2003504079999998, 1.192325111, 1.127143536, 1.4692004399999998, 1.686974912, 2.03043862, 2.274539582, 2.4365212190000003, 2.513092581, 2.36804918, 2.330654144, 2.267862611, 2.087244942, 2.029149824, 1.946147008, 1.946667967, 2.234232451, 2.1646733940000003, 2.1640726249999997, 1.700429586]}, {Value: [2.3031686469999997, 2.575665008, 1.3529195539999999, 1.3598915200000001, 1.2003504079999998, 1.2532468319999999, 1.2062413280000002, 1.518173788, 1.747224016, 2.136374548, 2.350994694, 2.517067375, 2.5948191690000004, 2.429824376, 2.351463556, 2.330280848, 2.12777397, 2.0681719359999997, 1.9835729119999999, 2.022266723, 2.326556106, 2.2386793220000003, 2.1640726249999997, 1.8048419290000002]}, {Value: [2.529246551, 2.860531184, 1.447710096, 1.5814468799999999, 1.513817712, 1.6361833639999999, 1.453421928, 1.7263105170000002, 1.95809588, 2.542462272, 2.67592892, 2.8191154600000004, 2.880862227, 2.532783036, 2.476320028, 2.413505164, 2.269625568, 2.224260384, 2.2268412879999997, 2.173464235, 2.511203416, 2.331186732, 2.354511016, 1.93908637]}, {Value: [2.4162075990000003, 2.528187312, 1.3960061639999999, 1.5356078400000002, 1.383843464, 1.418605789, 1.344662464, 1.71406718, 2.0032827080000004, 2.524806284, 2.695042698, 2.859388538, 2.880862227, 2.67692516, 2.580367088, 2.49672948, 2.2898900820000003, 2.2437714399999997, 2.170702432, 2.154564546, 2.5850623400000003, 2.460697106, 2.42376134, 1.93908637]}, {Value: [2.444467337, 2.575665008, 1.439092774, 1.4897688, 1.429716728, 1.514339922, 1.364436912, 1.812013876, 2.1237809160000003, 2.5777742480000003, 2.8670667, 3.000344311, 2.9830204620000003, 2.697516892, 2.642795324, 2.621565954, 2.411477166, 2.3608377760000003, 2.2455542399999997, 2.2679626799999997, 2.658921264, 2.516201552, 2.5103242449999996, 1.9838345170000002]}, {Value: [2.345558254, 2.5519261600000003, 1.473562062, 1.5814468799999999, 1.429716728, 1.575261643, 1.4435347040000002, 1.8732305610000002, 2.1990922960000003, 2.6837101760000004, 2.981749368, 3.1815731620000003, 3.085178697, 2.841659016, 2.726032972, 2.70479027, 2.4520061940000004, 2.419370944, 2.320406048, 2.3813608139999998, 2.7881743809999997, 2.608708962, 2.5449494070000003, 2.013666615]}, {Value: [1.8086232320000002, 2.480709616, 1.3615368760000002, 1.67312496, 1.246223672, 1.670995776, 1.235903, 1.971177257, 1.747224016, 2.842614068, 2.561246252, 3.5641674030000003, 3.003452109, 2.944617676, 2.39308238, 2.850432823, 2.1480384839999997, 2.53643728, 2.020998816, 2.475859259, 2.418879761, 2.7752223, 2.233322949, 2.132995007]}, {Value: [2.4162075990000003, 2.480709616, 1.542500638, 1.69604448, 1.483235536, 1.6274802609999999, 1.58195584, 2.056880616, 2.3949018840000003, 2.9838619719999997, 3.2493422599999997, 3.3829385519999997, 3.2282002260000002, 2.98580114, 2.91331768, 2.871238902, 2.674915848, 2.614481504, 2.507535568, 2.532558326, 3.009751153, 2.793723782, 2.735387798, 2.147911056]}, {Value: [2.500986813, 2.516317888, 1.602821892, 1.7571632, 1.582627608, 1.7406206, 1.7302642, 2.1670706490000002, 2.500337816, 3.1427658640000002, 3.4787075959999996, 3.483621247, 3.3099268139999998, 3.1299432640000004, 3.0381741520000003, 2.996075376, 2.8167674459999996, 2.712036784, 2.6198132800000002, 2.627056771, 3.212863194, 2.978738602, 2.856575865, 2.222491301]}, {Value: [2.515116682, 2.575665008, 1.663143146, 1.8030022399999999, 1.735538488, 1.8537609389999998, 1.8093619920000001, 2.277260682, 2.666022852, 3.213389816, 3.669845376, 3.62457702, 3.391653402, 3.274085388, 3.142221212, 3.058493613, 2.897825502, 2.8291031199999996, 2.7320909920000003, 2.740454905, 3.286722118, 3.089747494, 2.9431387699999996, 2.297071546]}, {Value: [2.571636158, 2.6706204, 1.7837856539999999, 1.84120144, 1.7202473999999999, 1.932088866, 1.888459784, 2.411937389, 2.831707888, 3.389949696, 3.708072932, 3.684986637, 3.4938116370000003, 3.315268852, 3.22545886, 3.1833300870000003, 3.0396771, 2.887636288, 2.769516896, 2.872752728, 3.32365158, 3.1452519399999996, 2.995076513, 2.3269036439999997]}, {Value: [2.571636158, 2.587534432, 1.801020298, 1.8488412800000003, 1.8043483839999999, 1.949495072, 1.9378959040000001, 2.485397411, 3.0275174760000003, 3.61947754, 3.880096934, 3.8058058710000005, 3.636833166, 3.438819244, 3.32950592, 3.245748324, 3.1612641839999998, 2.9851915680000003, 2.937933464, 2.948351484, 3.4529046969999997, 3.219257868, 3.1162645799999997, 2.505896232]}, {Value: [2.6564153719999997, 2.741836944, 1.861341552, 2.03219744, 1.9496137199999999, 2.123557132, 2.0466553679999997, 2.522127422, 3.132953408, 3.79603742, 4.1859173819999995, 3.987034722, 3.67769646, 3.582961368, 3.43355298, 3.370584798, 3.1815286979999997, 3.1217689600000003, 3.012785272, 3.042849929, 3.4898341590000004, 3.293263796, 3.2028274850000003, 2.550644379]}, {Value: [2.670545241, 2.860531184, 1.869958874, 2.0627568000000003, 1.972550352, 2.1931819559999997, 2.165302056, 2.632317455, 3.268513892, 3.7254134679999997, 4.166803604, 4.0273078, 3.7389914010000003, 3.582961368, 3.5584094520000003, 3.474615193, 3.303115782, 3.21932424, 3.125062984, 3.118448685, 3.526763621, 3.311765278, 3.168202323, 2.595392526]}, {Value: [2.698804979, 2.8961394560000002, 1.973366738, 2.07039664, 2.003132528, 2.140963338, 2.204850952, 2.718020814, 3.343825272, 3.9725973, 4.224144938, 4.127990495, 3.943307871, 3.644736564, 3.600028276, 3.599451667, 3.3233802960000003, 3.3363905760000003, 3.199914792, 3.2318468190000003, 3.656016738, 3.459777134, 3.306702971, 2.625224624]}, {Value: [2.6564153719999997, 2.7299675199999998, 2.033687992, 2.08567632, 2.094879056, 2.2715098830000002, 2.343272088, 2.864940858, 3.554697136, 4.113845204, 4.30060005, 4.148127034, 3.9024445770000002, 3.788878688, 3.724884748, 3.620257746, 3.4247028659999996, 3.375412688, 3.256053648, 3.269646197, 3.711410931, 3.5152815800000003, 3.393265876, 2.759469065]}, {Value: [2.7411945859999998, 3.0979196640000004, 2.1284785339999996, 2.1620747199999997, 2.156043408, 2.297619192, 2.452031552, 2.81596751, 3.584821688, 4.0785332279999995, 4.319713828, 4.087717417, 3.88201293, 3.685920028, 3.662456512, 3.599451667, 3.4247028659999996, 3.3949237439999997, 3.36833136, 3.288545886, 3.656016738, 3.4967800980000003, 3.410578457, 2.655056722]}, {Value: [2.7835841930000003, 3.050441968, 2.11124389, 2.1773544, 2.21720776, 2.419462634, 2.610227136, 3.011860902, 3.7505067240000005, 4.2197811320000005, 4.49173783, 4.168263573, 4.106761047, 3.9124290800000003, 3.870550632, 3.724288141, 3.5665544639999998, 3.5315011359999997, 3.46189612, 3.477542776, 3.896058241, 3.626290472, 3.531766524, 2.7296369670000002]}, {Value: [2.8259738, 3.0979196640000004, 2.180182466, 2.31487152, 2.240144392, 2.419462634, 2.6300015840000004, 3.109807598, 3.8408803799999998, 4.361029036, 4.5681929420000005, 4.369628963, 4.1271926940000006, 4.056571204, 3.912169456, 3.973961089, 3.7691996039999998, 3.629056416, 3.611599736, 3.572041221, 3.969917165, 3.79280381, 3.6875797529999996, 2.923545604]}, {Value: [2.7835841930000003, 3.0979196640000004, 2.137095856, 2.24611296, 2.201916672, 2.497790561, 2.659663256, 3.0608342499999996, 3.99150314, 4.537588916, 4.721103166, 4.530721274999999, 4.331509164, 4.138938132000001, 4.078644752, 4.057185405, 3.85025766, 3.6875895840000004, 3.64902564, 3.723238733, 4.080705551, 3.9038127019999997, 3.6875797529999996, 3.013041898]}, {Value: [2.854233538, 3.240352752, 2.249121042, 2.3683504, 2.308954288, 2.6022277970000003, 2.728873824, 3.3669176750000003, 4.21743728, 4.749460772, 4.721103166, 4.510584736, 4.392804105, 4.2418967919999995, 4.203501224, 4.1820218790000006, 3.911051202, 3.8241669760000003, 3.723877448, 3.836636867, 4.099170282, 4.014821594, 3.878018144, 3.057790045]}, {Value: [2.910753014, 3.347177568, 2.24050372, 2.39126992, 2.347182008, 2.5848215910000003, 2.7189866, 3.3424310010000005, 4.29274866, 4.996644603999999, 5.046037392, 4.651540509, 4.454099046, 4.283080256, 4.286738872, 4.348470511, 4.073167314, 3.941233312, 3.911006968, 3.874436245, 4.357676516, 4.1443319679999995, 4.033831373, 3.2069505350000003]}, {Value: [2.924882883, 3.6439131679999996, 2.3869981940000002, 2.46002848, 2.316599832, 2.6283371059999996, 2.8672949599999997, 3.4403776969999997, 4.804866044, 7.645042804, 5.122492504, 4.772359743, 4.597120575, 4.42722238, 4.4324047559999995, 4.431694826999999, 4.2758124539999995, 4.116832816, 4.041997632, 4.082332824, 4.450000171, 4.2923438240000005, 4.033831373, 3.326278927]}, {Value: [3.1368309180000002, 3.67952144, 2.395615516, 2.52878704, 2.44657408, 2.732774342, 2.995828872, 3.4403776969999997, 4.66930556, 5.667572148, 4.950468502, 4.8327693599999995, 4.6175522220000005, 4.550772772, 4.515642404, 4.639755617, 4.25554794, 4.155854928, 4.041997632, 4.195730958, 4.523859095, 4.458857162, 4.155019439999999, 3.311362878]}, {Value: [3.221610132, 3.8100851039999997, 2.447319448, 2.68158384, 2.614776048, 2.7936960629999996, 3.124362784, 3.6730011, 4.97055108, 5.526324244, 5.16072006, 5.054271289, 4.7810053980000005, 4.8184652880000005, 4.723736524, 4.681367775, 4.397399538, 4.214388096, 4.341404864, 4.309129092, 4.5423238260000005, 4.514361608000001, 4.414708155, 3.5798517599999995]}, {Value: [3.320519215, 4.03560416, 2.4645540919999998, 2.6357448, 2.622421592, 2.9590550199999996, 3.104588336, 3.709731111, 5.181422944, 5.614604184, 5.25628895, 5.074407828, 4.903595279999999, 4.94201568, 4.931830644, 4.722979933, 4.539251136, 4.448520768, 4.360117816, 4.441426915, 4.671576943, 4.736379392, 4.414708155, 3.6395159560000003]}, {Value: [3.645506202, 4.201776096000001, 2.654135176, 2.83438064, 2.844142368, 2.9590550199999996, 3.11447556, 3.807677807, 5.34710798, 5.614604184, 5.542995619999999, 5.094544367, 4.985321868000001, 5.147933, 4.952640056, 4.972652881, 4.620309192, 4.78020872, 4.565960288, 4.535925359999999, 5.003942101, 4.921394212, 4.795584937, 4.02733323]}, {Value: [3.5183373810000003, 4.27299264, 2.697221786, 2.77326192, 2.844142368, 3.011273638, 3.292445592, 3.807677807, 5.437481636, 5.720540112, 5.581223176, 5.336182835, 5.148775044, 5.168524732, 5.056687116, 4.972652881, 5.025599472, 4.702164496, 4.603386192, 4.611524116, 5.022406832, 4.939895694, 4.6397717080000005, 3.7439282990000002]}, {Value: [3.348778953, 4.201776096000001, 2.576579278, 2.78090176, 2.760041384, 3.141820183, 3.292445592, 3.942354514, 5.49773074, 5.844132028, 5.44742673, 5.376455913, 5.250933279, 5.312666856, 5.160734176, 5.305550145, 4.883747874, 4.741186608, 4.696950952, 4.800521006, 5.0408715630000005, 5.032403104, 4.864835261, 3.87817274]}, {Value: [3.5183373810000003, 4.249253792, 2.731691074, 2.76562208, 2.805914648, 3.098304668, 3.3319944880000003, 3.9545978510000004, 5.7387271559999995, 6.020691908, 5.7532471780000005, 5.517411686, 5.291796572999999, 5.312666856, 5.202353, 5.326356224, 5.025599472, 4.877764, 4.809228664, 4.800521006, 5.299377797, 5.013901622, 4.6397717080000005, 3.9080048379999996]}, {Value: [3.7302854159999996, 4.474772848, 2.7575430400000003, 2.95661808, 3.012344336, 3.2549605219999997, 3.500077296, 4.089274558, 5.72366488, 5.808820052, 5.695905844, 5.537548225, 5.31222822, 5.374442052, 5.327209472000001, 5.451192698, 5.187715584, 4.97531928, 4.9402193279999995, 4.970618207, 5.188589411, 5.198916442, 4.951398166, 4.131745573]}, {Value: [3.843324368, 4.735900176, 2.97297609, 3.0864953600000002, 2.98176216, 3.289772934, 3.648385656, 4.3341412980000005, 5.964661296, 5.950067956, 6.001726292, 5.638230920000001, 5.639134572, 5.621542836000001, 5.493684768, 5.492804855999999, 5.147186556, 5.131407728, 5.071209992, 5.065116652, 5.170124680000001, 5.383931262, 5.159149138, 4.101913475]}, {Value: [3.7585451540000006, 4.961419232, 2.904037514, 3.0941351999999998, 3.165255216, 3.376803964, 3.55940064, 4.370871309, 6.085159504, 6.09131586, 6.11640896, 5.698640536999999, 5.639134572, 5.539175908, 5.535303592000001, 5.742477804, 5.410625238, 5.307007232, 5.2396265600000005, 5.216314164, 5.391701452, 5.346928298, 5.2803372049999995, 4.236157916]}]
        }
        HighFreqRations: [0.33804874526362194, 0.32334801693226933, 0.31780542502269243, 0.3193525582884277, 0.3180888234631109, 0.321997664297834, 0.312980882781401, 0.3089987904476738, 0.30909318675109304, 0.3085527523907731, 0.309116857919753, 0.30428526206303985, 0.2999667299098111, 0.29464804855003995, 0.29449865007716475, 0.2941374893533688, 0.3266948516824454, 0.3764144015426656, 0.34484235214866055, 0.33293413805474076, 0.33612953548930113, 0.3472832231812741, 0.3486311642327732, 0.3505698935857683, 0.33631120434876366, 0.33877881241880403, 0.3428857823284851, 0.3415894560779955, 0.3458959156232791, 0.3465422033385623, 0.34884919736446757, 0.3499464102029219, 0.34833678865102846, 0.3505589556726925, 0.3481604034652073, 0.37456731054055503, 0.35081746390058693, 0.35118635656319086, 0.3542621141939786, 0.3564720861490273, 0.373921513170648, 0.3685034399028733, 0.3817973476501462, 0.38415392186063374, 0.38435384673003115, 0.3805393109790035, 0.38572791489099784, 0.3897832215893601, 0.39481643448203624, 0.3966691505943529, 0.3955694634674918, 0.39572437706867647, 0.396862472173627, 0.3935790145704195, 0.3949538045214984, 0.39451928751667126, 0.39121187570966287, 0.39133769734308815, 0.3897610139726655, 0.3882303158440025, 0.3821634310839513, 0.38683833170350945, 0.3815185065851565, 0.3802726822222881, 0.37719428710428465, 0.37633340068200843, 0.3779967650296992, 0.3730220417171795, 0.36926559020699773, 0.36765671949280687, 0.3903806736182, 0.39960770818995184, 0.40044826398244476, 0.39695728865639013, 0.3935480629761405, 0.391096924810206, 0.3887549921257102, 0.384868872212861, 0.3848770321166556, 0.3782919872236012, 0.37483108956428407, 0.3716823868682517, 0.36982902259488637, 0.3681978822016086, 0.3680383772704785, 0.36163521342762206, 0.35912658545774206, 0.35753171914235243, 0.3527388722978851, 0.3505297079597376, 0.35074873528457085, 0.3422586142479165, 0.3296679689999579, 0.36464544261500814, 0.3606865027132297, 0.35797831816406145, 0.3487382836237746, 0.34877206319121246, 0.3437614979545689, 0.34124758821142587, 0.33683298714358006, 0.3329421535930703, 0.32900883513806384, 0.32668293717671687, 0.3219567708064828, 0.31946386168790014, 0.3160377711321915, 0.3153453795251753, 0.3162388471043999, 0.3122344884518877, 0.309037882510047, 0.3054499348694926, 0.30199242594166426, 0.3011929827436009, 0.30058202982902876, 0.2971009930381502, 0.29792661026735817, 0.29640407550892617, 0.2946713317228612, 0.2923454584579099, 0.2938634309384002, 0.29383708021362087, 0.2948553620666756, 0.294183266729679, 0.2917659645063578, 0.28992516590577494, 0.2917321347257597, 0.290314048640417, 0.28957973553334854, 0.2854592468313876, 0.286427127264394, 0.2871638346031674, 0.2931113130362115, 0.29475015622021866, 0.2929201741900297, 0.2937403102511941, 0.29348924049117936, 0.2940034906765963, 0.2940964639258774, 0.29381614178248117, 0.29388723154785756, 0.294406446767272, 0.29454041274613363, 0.29529796125289126, 0.29976775500040714, 0.29899772072830766, 0.2989977875365931, 0.29234599568614705, 0.29153074977796556, 0.29153641406156544, 0.29217798974301173, 0.29154203928060096, 0.2899880108557954, 0.29135856801501464, 0.2895715650428131, 0.29048568480333004, 0.29288111609859924, 0.2944521637074862, 0.2932471735391725, 0.2926706683552382, 0.2876576432289604, 0.290262426078697, 0.29191186150797305, 0.2915559133430036, 0.2897404588987587, 0.2911740080933997, 0.2897970565489062, 0.29107421214725476, 0.29247019867935875, 0.2907646615975746, 0.29137813701723814, 0.2898329059389521, 0.2897432254959659, 0.28782001911800636, 0.29371797129221616, 0.2945113406416517, 0.29463388112677213, 0.29240613007542526, 0.2902984820628669, 0.29065786945250227, 0.2917499846094564, 0.2941881611639046, 0.293807819143325, 0.2918082098822164, 0.2928739686587041, 0.29159751518242083, 0.297697419755327, 0.29758273420999076, 0.2957169647159144, 0.29693984696334197, 0.29359900721985144, 0.29677297521928, 0.29575028830447325, 0.29822884390114873, 0.29450156564691354, 0.29480159014710433, 0.2949655512275175, 0.2938819199943384, 0.30025333426964135, 0.2993708245292972, 0.3016774642675342, 0.29763700411860095, 0.2981895019583747, 0.2975000120585951, 0.29896702386975116, 0.30158615537999706, 0.30096496413723234, 0.29876437541632384, 0.3020655979757569, 0.3027731329883074, 0.3061087416256752, 0.3093552711806113, 0.30618905549824427, 0.31195719147478945, 0.30964678368362114, 0.30855016501259186, 0.31030233499626253, 0.3078422875563046, 0.30915263711170604, 0.30982211037173657, 0.3143170099856465, 0.3172349798638836, 0.3207441158025418, 0.31801763528749133, 0.31597538163165173, 0.31620674760621376, 0.31452333515819353, 0.31715790340794475, 0.31749707049936865, 0.32054625278250853, 0.3181031371447093, 0.31969248942719436, 0.3195214904437596, 0.322804224500819, 0.3228828132741465, 0.3238489184070944, 0.3220617165699815, 0.31629959792750373, 0.3098017696333595, 0.3067412743697636, 0.30954363839088883, 0.31038676467329457, 0.3092247631112892, 0.31208487434865256, 0.30889564717808743, 0.3095274210842901, 0.31111132730161817, 0.3097303253192575, 0.3091077652470867, 0.30995315486522584, 0.3154176080385421, 0.3165511301503534, 0.3166108542104023, 0.3182185636912922, 0.31753572115076567, 0.3181204289235167, 0.31616276032574825, 0.3161742489397573, 0.3166739623155417, 0.31857595502331704, 0.31645241992491446, 0.31695256392662735, 0.3139943960960163, 0.3117206423104914, 0.3120452526640095, 0.313710999498614, 0.31319740244412736, 0.31397616687920066, 0.3143599773215293, 0.3147848650429721, 0.3129948062159869, 0.3151956388896472, 0.31364977973256175, 0.3148170196084125, 0.31477143604438773, 0.31952435358357095, 0.32107743809492173, 0.32315718813712724, 0.32449917831442665, 0.32567983412426893, 0.3241265621844517, 0.32374924762771, 0.3280604024128578, 0.326724686902993, 0.32853169242328567, 0.32659585659292306, 0.322132950868293, 0.32366955038206074]
        StartTimestamp: 1730408400 
    }
    Comment: "syntethic"
}
GeneratorConfigs {
    FileGeneratorConfig {
        AmmoFilePath: <your_ammo_file>
    }
    Comment: "prod"
}
ReportDir: <your_report_dir>
